state : 0
eta : 1
pi2 : [[[0.         0.27244259 0.22855205 0.        ]
  [0.         0.22057861 0.27842676 0.        ]]

 [[0.         0.2706159  0.23986948 0.        ]
  [0.         0.23763935 0.25187528 0.        ]]]
state : 0
eta : 5
pi2 : [[[0.         0.27244259 0.22855205 0.        ]
  [0.         0.22057861 0.27842676 0.        ]]

 [[0.         0.2706159  0.23986948 0.        ]
  [0.         0.23763935 0.25187528 0.        ]]]
state : 1
eta : 1
pi2 : [[[0.         0.1749189  0.16417262 0.15155153]
  [0.         0.17309549 0.16101966 0.1752418 ]]

 [[0.         0.17898706 0.14839678 0.17818923]
  [0.         0.16255898 0.1698226  0.16204536]]]
state : 1
eta : 5
pi2 : [[[0.         0.1749189  0.16417262 0.15155153]
  [0.         0.17309549 0.16101966 0.1752418 ]]

 [[0.         0.17898706 0.14839678 0.17818923]
  [0.         0.16255898 0.1698226  0.16204536]]]
state : 2
eta : 1
pi2 : [[[0.         0.17100307 0.17099881 0.15473076]
  [0.         0.17100693 0.17029533 0.1619651 ]]

 [[0.         0.16258489 0.16323845 0.17250751]
  [0.         0.16910654 0.16818992 0.1643727 ]]]
state : 2
eta : 5
pi2 : [[[0.         0.17100307 0.17099881 0.15473076]
  [0.         0.17100693 0.17029533 0.1619651 ]]

 [[0.         0.16258489 0.16323845 0.17250751]
  [0.         0.16910654 0.16818992 0.1643727 ]]]
state : 3
eta : 1
pi2 : [[[0.         0.         0.25838428 0.24603407]
  [0.         0.         0.24765921 0.24792244]]

 [[0.         0.         0.25291895 0.25291607]
  [0.         0.         0.24905645 0.24510853]]]
state : 3
eta : 5
pi2 : [[[0.         0.         0.25838428 0.24603407]
  [0.         0.         0.24765921 0.24792244]]

 [[0.         0.         0.25291895 0.25291607]
  [0.         0.         0.24905645 0.24510853]]]
state : 4
eta : 1
pi2 : [[[0.17995519 0.15354479 0.19746173 0.        ]
  [0.1459037  0.18431198 0.1388226  0.        ]]

 [[0.18152092 0.16907289 0.18010134 0.        ]
  [0.15759661 0.15798378 0.15372446 0.        ]]]
state : 4
eta : 5
pi2 : [[[0.17995519 0.15354479 0.19746173 0.        ]
  [0.1459037  0.18431198 0.1388226  0.        ]]

 [[0.18152092 0.16907289 0.18010134 0.        ]
  [0.15759661 0.15798378 0.15372446 0.        ]]]
state : 5
eta : 1
pi2 : [[[0.14058435 0.14056578 0.11181418 0.10148952]
  [0.1326605  0.13405421 0.12091113 0.11792032]]

 [[0.1292955  0.13116741 0.10982202 0.11729022]
  [0.1291239  0.13311535 0.13316045 0.11702515]]]
state : 5
eta : 5
pi2 : [[[0.14058435 0.14056578 0.11181418 0.10148952]
  [0.1326605  0.13405421 0.12091113 0.11792032]]

 [[0.1292955  0.13116741 0.10982202 0.11729022]
  [0.1291239  0.13311535 0.13316045 0.11702515]]]
state : 6
eta : 1
pi2 : [[[0.12483864 0.12759664 0.12759553 0.12759443]
  [0.12251978 0.12410236 0.11815456 0.12759806]]

 [[0.1214871  0.12235592 0.12667833 0.12476718]
  [0.12453097 0.12682709 0.1265281  0.1268253 ]]]
state : 6
eta : 5
pi2 : [[[0.12483864 0.12759664 0.12759553 0.12759443]
  [0.12251978 0.12410236 0.11815456 0.12759806]]

 [[0.1214871  0.12235592 0.12667833 0.12476718]
  [0.12453097 0.12682709 0.1265281  0.1268253 ]]]
state : 7
eta : 1
pi2 : [[[0.16180263 0.         0.16764139 0.16764043]
  [0.16763947 0.         0.16763852 0.16763757]]

 [[0.16444916 0.         0.16899056 0.16221066]
  [0.16636787 0.         0.1689916  0.16899015]]]
state : 7
eta : 5
pi2 : [[[0.16180263 0.         0.16764139 0.16764043]
  [0.16763947 0.         0.16763852 0.16763757]]

 [[0.16444916 0.         0.16899056 0.16221066]
  [0.16636787 0.         0.1689916  0.16899015]]]
state : 8
eta : 1
pi2 : [[[0.13728007 0.18868478 0.14973727 0.        ]
  [0.20413861 0.18045369 0.13970558 0.        ]]

 [[0.15990667 0.21545737 0.16714251 0.        ]
  [0.14467972 0.18830839 0.12450533 0.        ]]]
state : 8
eta : 5
pi2 : [[[0.13728007 0.18868478 0.14973727 0.        ]
  [0.20413861 0.18045369 0.13970558 0.        ]]

 [[0.15990667 0.21545737 0.16714251 0.        ]
  [0.14467972 0.18830839 0.12450533 0.        ]]]
state : 9
eta : 1
pi2 : [[[0.12381681 0.12850334 0.13539884 0.12047012]
  [0.12399698 0.12596862 0.11430575 0.12753954]]

 [[0.12405213 0.10724529 0.12361763 0.12633709]
  [0.11877046 0.13083476 0.13457593 0.13456671]]]
state : 9
eta : 5
pi2 : [[[0.12381681 0.12850334 0.13539884 0.12047012]
  [0.12399698 0.12596862 0.11430575 0.12753954]]

 [[0.12405213 0.10724529 0.12361763 0.12633709]
  [0.11877046 0.13083476 0.13457593 0.13456671]]]
state : 10
eta : 1
pi2 : [[[0.12332286 0.12359573 0.12689271 0.12689174]
  [0.12107359 0.12689409 0.12443637 0.12689292]]

 [[0.1264724  0.12639635 0.12647114 0.12124008]
  [0.12436684 0.12520036 0.12337965 0.12647318]]]
state : 10
eta : 5
pi2 : [[[0.12332286 0.12359573 0.12689271 0.12689174]
  [0.12107359 0.12689409 0.12443637 0.12689292]]

 [[0.1264724  0.12639635 0.12647114 0.12124008]
  [0.12436684 0.12520036 0.12337965 0.12647318]]]
state : 11
eta : 1
pi2 : [[[0.16666667 0.         0.16666667 0.16666667]
  [0.16666667 0.         0.16666667 0.16666667]]

 [[0.16666667 0.         0.16666667 0.16666667]
  [0.16666667 0.         0.16666667 0.16666667]]]
state : 11
eta : 5
pi2 : [[[0.16666667 0.         0.16666667 0.16666667]
  [0.16666667 0.         0.16666667 0.16666667]]

 [[0.16666667 0.         0.16666667 0.16666667]
  [0.16666667 0.         0.16666667 0.16666667]]]
state : 12
eta : 1
pi2 : [[[0.36183366 0.17104828 0.         0.        ]
  [0.2189532  0.24816487 0.         0.        ]]

 [[0.1954954  0.17972684 0.         0.        ]
  [0.32173988 0.30303788 0.         0.        ]]]
state : 12
eta : 5
pi2 : [[[0.36183366 0.17104828 0.         0.        ]
  [0.2189532  0.24816487 0.         0.        ]]

 [[0.1954954  0.17972684 0.         0.        ]
  [0.32173988 0.30303788 0.         0.        ]]]
state : 13
eta : 1
pi2 : [[[0.16666667 0.16666667 0.         0.16666667]
  [0.16666667 0.16666667 0.         0.16666667]]

 [[0.16666667 0.16666667 0.         0.16666667]
  [0.16666667 0.16666667 0.         0.16666667]]]
state : 13
eta : 5
pi2 : [[[0.16666667 0.16666667 0.         0.16666667]
  [0.16666667 0.16666667 0.         0.16666667]]

 [[0.16666667 0.16666667 0.         0.16666667]
  [0.16666667 0.16666667 0.         0.16666667]]]
state : 14
eta : 1
pi2 : [[[0.16666667 0.16666667 0.         0.16666667]
  [0.16666667 0.16666667 0.         0.16666667]]

 [[0.16666667 0.16666667 0.         0.16666667]
  [0.16666667 0.16666667 0.         0.16666667]]]
state : 14
eta : 5
pi2 : [[[0.16666667 0.16666667 0.         0.16666667]
  [0.16666667 0.16666667 0.         0.16666667]]

 [[0.16666667 0.16666667 0.         0.16666667]
  [0.16666667 0.16666667 0.         0.16666667]]]
state : 15
eta : 1
pi2 : [[[0.25 0.   0.   0.25]
  [0.25 0.   0.   0.25]]

 [[0.25 0.   0.   0.25]
  [0.25 0.   0.   0.25]]]
state : 15
eta : 5
pi2 : [[[0.25 0.   0.   0.25]
  [0.25 0.   0.   0.25]]

 [[0.25 0.   0.   0.25]
  [0.25 0.   0.   0.25]]]
